Coins;1;3.0;3.0
Coins;2;3.0;3.0
Coins;3;3.0;3.0
Coins;4;3.0;3.0
Mur;1;1;4;33;33;125
Mur;2;4;2;33;33;125
Mur;3;2;3;33;33;125
Mur;4;3;1;33;33;125
Sol;1;1;2;3;4;23
Plafond;1;1;2;3;4;333
Piece;1;1;1;1;2;3;4
Coins;5;4.0;4.0
Coins;6;4.0;4.0
Coins;7;4.0;4.0
Coins;8;4.0;4.0
Mur;5;5;8;44;44;125
Mur;6;8;6;44;44;125
Mur;7;6;7;44;44;125
Mur;8;7;5;44;44;125
Sol;2;5;6;7;8;23
Plafond;2;5;6;7;8;125
Piece;2;2;2;5;6;7;8
Appartement;1;1;1;2;
Coins;9;5.0;5.0
Coins;10;5.0;5.0
Coins;11;5.0;5.0
Coins;12;5.0;5.0
Mur;9;9;12;55;55;125
Mur;10;12;10;55;55;125
Mur;11;10;11;55;55;125
Mur;12;11;9;55;55;125
Sol;3;9;10;11;12;23
Plafond;3;9;10;11;12;125
Piece;3;3;3;9;10;11;12
Appartement;2;1;3;
Niveau;1;1;2;
Coins;13;6.0;6.0
Coins;14;6.0;6.0
Coins;15;6.0;6.0
Coins;16;6.0;6.0
Mur;13;13;16;66;66;125
Mur;14;16;14;66;66;125
Mur;15;14;15;66;66;125
Mur;16;15;13;66;66;125
Sol;4;13;14;15;16;23
Plafond;4;13;14;15;16;125
Piece;4;4;4;13;14;15;16
Appartement;1;2;4;
Niveau;2;3;
Batiment;1;1;2;
